              precision    recall  f1-score   support

           1       0.00      0.00      0.00         0
           2       0.78      0.85      0.81        66
           3       0.86      0.74      0.80       151
           4       0.87      0.89      0.88       240
           5       0.91      0.94      0.93       618
           6       0.87      0.68      0.76       408
           7       0.86      0.86      0.86      1202
           8       0.77      0.76      0.77       750
           9       0.91      0.95      0.93      1826
          10       0.85      0.92      0.88        96

    accuracy                           0.87      5357
   macro avg       0.77      0.76      0.76      5357
weighted avg       0.87      0.87      0.87      5357
