              precision    recall  f1-score   support

           0       1.00      0.50      0.67         2
           1       0.91      0.91      0.91        67
           2       0.96      0.96      0.96       931
           3       0.87      0.83      0.85       693
           4       0.74      0.68      0.71       608
           5       0.79      0.88      0.84       804
           6       0.86      0.82      0.84       338
           7       0.89      0.85      0.87       384
           8       0.75      0.89      0.82       151
           9       0.84      0.70      0.77        70
          10       1.00      1.00      1.00        26

    accuracy                           0.85      4074
   macro avg       0.87      0.82      0.84      4074
weighted avg       0.85      0.85      0.85      4074
