              precision    recall  f1-score   support

           0       0.00      0.00      0.00         1
           1       0.93      0.92      0.92        72
           2       0.96      0.96      0.96       910
           3       0.89      0.84      0.87       666
           4       0.73      0.72      0.73       588
           5       0.82      0.89      0.85       836
           6       0.90      0.80      0.85       366
           7       0.87      0.89      0.88       402
           8       0.76      0.93      0.84       138
           9       0.88      0.68      0.77        68
          10       1.00      0.89      0.94        27

    accuracy                           0.86      4074
   macro avg       0.80      0.77      0.78      4074
weighted avg       0.87      0.86      0.86      4074
